1 0 -2.98314e-10 -4.65661e-10 9.31323e-10 1 0 0 5.09317e-11 0 1 0
0.999996 0.00275485 0.000524107 -0.0128975 -0.00275561 0.999995 0.00145536 -0.0307746 -0.000520095 -0.0014568 0.999999 0.752278
0.999986 0.0052639 0.000985054 -0.0289665 -0.00526612 0.999984 0.00226281 -0.054659 -0.000973127 -0.00226797 0.999997 1.52264
0.999981 0.00608781 0.00139724 -0.0414889 -0.00609004 0.99998 0.00159854 -0.0758622 -0.00138748 -0.00160702 0.999998 2.27668
0.999964 0.00843447 0.00101541 -0.0435427 -0.00843598 0.999963 0.00149545 -0.0947428 -0.00100276 -0.00150397 0.999998 3.00218
0.999965 0.00829019 0.00144411 -0.0536976 -0.0082923 0.999965 0.00146386 -0.115142 -0.00143193 -0.00147578 0.999998 3.71301
0.999965 0.00814166 0.00211409 -0.0523057 -0.00814635 0.999964 0.00222155 -0.135557 -0.00209592 -0.00223869 0.999995 4.41845
0.999957 0.00901313 0.00213674 -0.0643297 -0.0090243 0.999945 0.00527953 -0.150538 -0.00208904 -0.00529859 0.999984 5.09964
0.999961 0.0080955 0.00367439 -0.0665711 -0.0081286 0.999926 0.00908561 -0.163801 -0.00360057 -0.00911512 0.999952 5.74934
0.99996 0.0076009 0.00463473 -0.0613946 -0.0076593 0.99989 0.0127174 -0.17961 -0.00453756 -0.0127524 0.999908 6.38228
0.999964 0.00674873 0.00510979 -0.0677785 -0.00682408 0.999866 0.014877 -0.193798 -0.00500871 -0.0149113 0.999876 7.00071
0.999956 0.00646105 0.00685937 -0.0640949 -0.00656145 0.99987 0.0147167 -0.206191 -0.00676339 -0.014761 0.999868 7.56556
0.999936 0.00787927 0.00809463 -0.0663119 -0.00798125 0.999888 0.0126434 -0.22011 -0.0079941 -0.0127072 0.999887 8.11156
0.999938 0.00728623 0.00846186 -0.0707651 -0.00736727 0.999927 0.00958624 -0.228911 -0.0083914 -0.00964798 0.999918 8.64692
0.999937 0.00582002 0.00964863 -0.0499088 -0.00589679 0.999951 0.00794716 -0.23595 -0.0096019 -0.00800356 0.999922 9.14336
0.999932 0.00199978 0.011481 -0.0426364 -0.00206791 0.99998 0.00592541 -0.249035 -0.0114689 -0.00594875 0.999917 9.60594
0.999915 -0.000103587 0.0130354 -0.0320641 4.09335e-05 0.999988 0.00480656 -0.265406 -0.0130357 -0.00480562 0.999904 10.0412
0.999878 0.00421473 0.0150424 -0.0290834 -0.00426026 0.999986 0.00299641 -0.275024 -0.0150296 -0.00306013 0.999882 10.4595
0.999812 0.00778328 0.0177871 -0.0361762 -0.00782095 0.999967 0.00204906 -0.284952 -0.0177706 -0.00218779 0.99984 10.8305
0.999737 0.00883671 0.0211551 -0.0207707 -0.00889698 0.999957 0.00275666 -0.291012 -0.0211298 -0.00294415 0.999772 11.1823
0.99971 0.00503066 0.0235467 -0.00708406 -0.0051208 0.99998 0.0037693 -0.301934 -0.0235273 -0.00388878 0.999716 11.5071
0.999656 -0.000371785 0.0262156 0.0090153 0.000278994 0.999994 0.00354316 -0.309875 -0.0262167 -0.00353463 0.99965 11.7923
0.999592 -0.00352879 0.0283254 0.00965058 0.00339063 0.999982 0.0049242 -0.318165 -0.0283423 -0.00482615 0.999587 12.0426
0.999522 -0.00502211 0.0305071 0.038504 0.00484454 0.999971 0.00589188 -0.325519 -0.0305358 -0.00574127 0.999517 12.2833
0.999455 -0.00358474 0.0328276 0.0404009 0.00342361 0.999982 0.00496347 -0.331435 -0.0328448 -0.00484837 0.999449 12.4834
0.999403 -0.00248942 0.0344686 0.0477869 0.00236594 0.999991 0.00362271 -0.338223 -0.0344773 -0.00353899 0.999399 12.6696
0.999327 -0.000614916 0.0366843 0.0500268 0.000513717 0.999996 0.00276801 -0.344107 -0.0366858 -0.0027473 0.999323 12.8402
0.999265 0.00238051 0.0382534 0.0437685 -0.00246411 0.999995 0.00213852 -0.351786 -0.0382482 -0.00223121 0.999266 13.0055
0.999222 0.00305038 0.0393304 0.058492 -0.00308999 0.999995 0.000946229 -0.359052 -0.0393273 -0.00106702 0.999226 13.1519
0.999153 0.00303654 0.0410365 0.0599377 -0.0029979 0.999995 -0.00100303 -0.36509 -0.0410393 0.00087916 0.999157 13.3081
0.999117 0.00167375 0.0419841 0.0710276 -0.00157593 0.999996 -0.00236281 -0.369904 -0.0419879 0.00229456 0.999115 13.4513
0.99906 0.000795824 0.0433332 0.0693417 -0.000655086 0.999994 -0.00326189 -0.374908 -0.0433356 0.00323044 0.999055 13.592
0.999011 0.00134078 0.0444358 0.086301 -0.00112949 0.999988 -0.00477978 -0.379497 -0.0444416 0.00472486 0.999001 13.7169
0.99895 0.00193406 0.0457739 0.0814262 -0.0016231 0.999975 -0.0068296 -0.382556 -0.045786 0.00674813 0.998928 13.8426
0.998933 0.00226242 0.0461342 0.0942243 -0.00185396 0.999959 -0.00889444 -0.387002 -0.0461524 0.00879942 0.998896 13.9656
0.998901 0.00176641 0.0468449 0.0969744 -0.00124176 0.999936 -0.0112265 -0.391812 -0.0468618 0.0111559 0.998839 14.0916
0.998946 0.000355148 0.0459056 0.112892 0.000250962 0.999913 -0.0131969 -0.397073 -0.0459063 0.0131945 0.998859 14.2194
0.999045 0.000265345 0.0436968 0.110327 0.000364559 0.999896 -0.0144067 -0.40105 -0.0436961 0.0144089 0.998941 14.3378
0.999171 -0.000202748 0.0406971 0.116286 0.000825317 0.999883 -0.0152814 -0.403254 -0.0406892 0.0153023 0.999055 14.4556
0.999319 0.000932242 0.0368952 0.109932 -0.000326262 0.999865 -0.0164269 -0.408747 -0.0369056 0.0164037 0.999184 14.5903
0.999522 0.00150089 0.0308782 0.114404 -0.000963677 0.999848 -0.0174052 -0.413201 -0.0308997 0.0173672 0.999372 14.7173
0.999707 0.000883905 0.0241872 0.104337 -0.000439708 0.999831 -0.0183641 -0.416659 -0.0241993 0.0183481 0.999539 14.8373
0.99986 0.00118286 0.0167014 0.107821 -0.000865055 0.999819 -0.0190231 -0.419842 -0.0167209 0.0190059 0.99968 14.9577
0.999965 0.000935066 0.00831877 0.102427 -0.000768124 0.999799 -0.0200487 -0.42085 -0.00833584 0.0200416 0.999764 15.0868
0.999998 5.9613e-05 -0.00189797 0.0950747 -0.000100271 0.99977 -0.0214295 -0.425931 0.00189626 0.0214296 0.999769 15.2304
0.999889 -0.00144108 -0.014858 0.0767545 0.00109872 0.999734 -0.0230245 -0.429404 0.0148873 0.0230056 0.999624 15.3796
0.999521 -0.00241925 -0.0308616 0.0639146 0.00165297 0.99969 -0.024831 -0.436839 0.0309121 0.0247681 0.999215 15.5303
0.998712 -0.00170723 -0.0507061 0.0316228 0.000400466 0.999668 -0.0257705 -0.442487 0.0507333 0.025717 0.998381 15.7029
0.997372 -0.00112289 -0.0724443 0.00555174 -0.000721193 0.999676 -0.025424 -0.449936 0.0724494 0.0254094 0.997048 15.8863
0.995347 -0.00072099 -0.0963542 -0.0493994 -0.00159679 0.999711 -0.0239756 -0.45608 0.0963437 0.0240179 0.995058 16.0821
0.992427 0.000730724 -0.122836 -0.0999791 -0.00351073 0.999743 -0.022417 -0.464242 0.122788 0.0226784 0.992174 16.3178
0.988181 0.00164432 -0.153283 -0.164198 -0.00479402 0.999785 -0.020181 -0.470508 0.153217 0.0206773 0.987976 16.5439
0.982489 0.00249339 -0.186306 -0.241374 -0.00571765 0.999843 -0.016771 -0.479185 0.186235 0.0175425 0.982349 16.8027
0.974863 0.003549 -0.222776 -0.342308 -0.00653654 0.999898 -0.0126746 -0.482616 0.222709 0.0138121 0.974787 17.0569
0.964841 0.00500002 -0.262788 -0.449588 -0.00712319 0.999949 -0.00712734 -0.492727 0.262739 0.00874864 0.964827 17.3125
0.95267 0.00946993 -0.30386 -0.596956 -0.0106985 0.99994 -0.00237873 -0.491941 0.303819 0.005517 0.952714 17.5909
0.938162 0.0134668 -0.345934 -0.741094 -0.0134561 0.999907 0.00243274 -0.497547 0.345934 0.0023726 0.938256 17.8809
0.921144 0.0159483 -0.388894 -0.903673 -0.0140244 0.999871 0.0077854 -0.498692 0.388969 -0.00171746 0.921249 18.1561
0.901493 0.0198947 -0.432336 -1.09749 -0.0146301 0.999773 0.0155 -0.504758 0.432546 -0.00764801 0.901579 18.4629
0.879315 0.0244016 -0.475615 -1.29974 -0.0156584 0.999628 0.0223372 -0.50535 0.475983 -0.0121941 0.87937 18.7413
