0.000000e+00
1.039920e-01
2.078660e-01
3.117268e-01
4.157279e-01
5.196006e-01
6.236043e-01
7.276011e-01
8.316031e-01
9.354782e-01
1.039479e+00
1.143476e+00
1.247351e+00
1.351354e+00
1.455351e+00
1.559353e+00
1.663351e+00
1.767351e+00
1.871356e+00
1.975354e+00
2.079357e+00
2.183231e+00
2.287229e+00
2.391227e+00
2.495124e+00
2.599102e+00
2.703101e+00
2.807134e+00
2.910979e+00
3.014982e+00
3.118993e+00
3.223003e+00
3.326977e+00
3.430852e+00
3.534749e+00
3.638730e+00
3.742730e+00
3.846729e+00
3.950602e+00
4.054603e+00
4.158380e+00
4.262355e+00
4.366232e+00
4.470105e+00
4.574104e+00
4.677976e+00
4.781730e+00
4.885477e+00
4.989228e+00
5.092855e+00
5.196627e+00
5.300239e+00
5.403733e+00
5.507500e+00
5.611107e+00
5.714602e+00
5.818230e+00
5.921818e+00
6.025500e+00
6.129102e+00
